3 0.215054 0.883978 0.136201 0.176796
3 0.392473 0.875691 0.125448 0.182320
3 0.586022 0.886740 0.125448 0.182320
3 0.738351 0.895028 0.114695 0.143646
3 0.919355 0.881215 0.089606 0.171271
3 0.200717 0.649171 0.114695 0.149171
3 0.403226 0.651934 0.139785 0.132597
3 0.560932 0.640884 0.118280 0.154696
3 0.741935 0.654696 0.100358 0.127072
3 0.905018 0.660221 0.103943 0.160221
3 0.919355 0.428177 0.118280 0.171271
3 0.731183 0.425414 0.121864 0.165746
3 0.559140 0.425414 0.100358 0.165746
3 0.387097 0.425414 0.093190 0.132597
3 0.211470 0.403315 0.086022 0.143646
3 0.216846 0.196133 0.132616 0.138122
3 0.390681 0.207182 0.107527 0.138122
3 0.578853 0.179558 0.111111 0.160221
3 0.754480 0.168508 0.096774 0.149171
3 0.912186 0.182320 0.096774 0.099448
