2 0.707589 0.720982 0.049107 0.049107
2 0.314732 0.676339 0.049107 0.049107
2 0.582589 0.667411 0.049107 0.049107
2 0.370536 0.609375 0.089286 0.058036
2 0.310268 0.578125 0.049107 0.049107
2 0.685268 0.537946 0.049107 0.049107
2 0.426339 0.497768 0.049107 0.049107
2 0.587054 0.479911 0.049107 0.049107
2 0.645089 0.453125 0.049107 0.049107
2 0.430804 0.412946 0.049107 0.049107
2 0.707589 0.399554 0.049107 0.049107
2 0.654018 0.399554 0.049107 0.049107
2 0.511161 0.363839 0.049107 0.049107
2 0.569196 0.319196 0.049107 0.049107
